1553685
1550405
1626287
1573885
1554659
1554658
1554657
1554655
1553649
1553648
1553647
1553646
1553645
1550406
1549827
1549825
1543990
1543988
1543980
1542011
1541008
1540820
1540819
1539702
1426054
1425239
1423700
1554656
1553895
769990
768424
1544005
1562933
1423531
1222244
1222234
1118240
1118019
928267
771709
771296
771034
770348
769324
768423
768253
1594462
1545183
1543981
1542614
1222245
1197542
1118431
1118354
1117766
771334
769732
768050
1545179
1544095
1222103
1197514
1197371
1118430
1117705
771921
770359
769964
769263
1550765
1197451
1117720
1117703
771811
767988
1423953
1222096
1197417
1118406
770861
1197476
1197364
1118444
768041
1197425
771934
1118187
1117848
1117978
1117686
928265
769022
770016
771386
768961
1556021
1117901
1547272
1197470
1118269
771594
1197535
1464887
1222242
1197416
1117943
1222113
770296
769376
768060
770472
770827
1118201
770463
1197560
1197458
771211
1118233
1197504
772021
768049
1543483
1545675
1545674
1118218
937493
1641637
1641636
1641635
1641634
1641170
1594511
1576263
1576262
1576261
1574871
1566351
1566350
1566349
1566348
1566346
1566342
1566336
1566333
1566332
1566331
1566330
1566327
1566326
1566324
1566322
1566320
1566319
1566318
1566317
1566314
1566311
1566295
1566292
1566288
1566287
1566285
1566284
1566276
1566275
1566274
1566273
1566272
1566056
1565893
1565771
1565736
1565734
1565722
1565694
1565634
1565564
1565561
1565560
1565538
1565510
1565474
1565412
1565384
1565368
1565366
1565358
1565356
1565352
1565350
1565329
1565284
1565249
1565241
1565240
1565234
1565223
1565213
1565184
1565136
1564926
1564415
1564409
1564404
1564382
1564376
1564368
1564342
1563929
1563927
1563887
1563883
1563877
1563804
1563801
1563791
1563770
1563301
1563200
1563184
1563180
1563174
1563173
1563171
1563167
1563163
1563162
1563159
1563157
1563155
1563154
1563153
1563148
1563145
1563143
1563135
1563134
1563129
1563127
1563126
1563124
1563123
1563122
1563118
1563117
1563083
1563052
1563050
1563032
1563031
1563026
1563017
1562999
1562995
1562991
1562988
1562974
1562966
1562957
1562953
1562860
1562758
1562550
1562288
1562277
1562265
1562254
1562244
1562239
1562233
1562232
1562208
1562183
1562182
1561929
1561928
1561926
1561821
1561604
1561603
1561595
1561581
1561571
1561570
1561568
1561564
1561561
1561560
1561559
1561557
1561555
1561552
1561550
1561549
1561548
1561547
1561545
1561544
1561538
1561536
1561384
1561383
1561382
1561378
1561361
1561359
1561358
1561335
1561331
1561328
1561310
1561309
1561307
1561304
1561302
1561301
1561296
1561292
1561290
1561283
1561280
1561279
1561277
1561275
1561274
1561273
1561272
1561271
1561269
1561268
1561267
1561266
1561264
1561257
1561247
1561242
1560994
1560990
1560986
1560982
1560978
1560976
1560974
1560973
1560969
1560962
1560957
1560954
1560952
1560946
1560945
1560938
1560936
1560935
1560933
1560932
1560928
1560926
1560923
1560922
1560919
1560918
1560915
1560911
1560901
1560891
1560889
1560881
1560877
1560873
1560861
1560845
1560832
1560831
1560828
1560827
1560815
1560814
1560801
1560800
1560798
1560794
1560792
1560791
1560790
1560786
1560783
1560781
1560775
1560773
1560772
1560764
1560758
1560756
1560755
1560753
1560752
1560747
1560746
1560745
1560744
1560742
1560741
1560739
1560737
1560735
1560733
1560732
1560731
1560724
1560723
1560722
1560721
1560718
1560717
1560716
1560715
1560710
1560707
1560706
1560703
1560701
1560698
1560694
1560692
1560691
1560687
1560686
1560682
1560681
1560680
1560672
1560664
1560657
1560656
1560655
1560651
1560648
1560646
1560645
1560642
1560641
1560640
1560637
1560634
1560633
1560624
1560620
1560619
1560614
1560613
1560604
1560600
1560598
1560596
1560595
1560593
1560592
1560586
1560584
1560582
1560578
1560577
1560576
1560575
1560574
1560569
1560567
1560566
1560564
1560563
1560556
1560555
1560554
1560550
1560549
1560547
1560543
1560541
1560540
1560539
1560538
1560537
1560530
1560524
1560518
1560514
1560512
1560511
1560507
1560504
1560502
1560493
1560488
1560486
1560483
1560481
1560478
1560477
1560476
1560474
1560467
1560464
1560461
1560457
1560455
1560453
1560452
1560447
1560444
1560439
1560438
1560435
1560434
1560433
1560427
1560424
1560423
1560422
1560420
1560415
1560409
1560406
1560401
1560398
1560396
1560387
1560381
1560380
1560377
1560372
1560371
1560365
1560362
1560357
1560353
1560352
1560350
1560347
1560346
1560076
1560073
1560072
1560061
1559239
1559238
1558355
1555995
1555994
1555993
1555984
1555978
1555973
1555972
1555971
1555970
1555969
1555967
1555868
1555867
1555862
1555860
1555857
1555856
1555854
1555844
1555842
1555840
1555839
1555837
1555834
1555833
1555832
1555831
1555829
1555828
1555825
1555798
1555797
1555795
1555784
1555783
1555756
1555755
1555754
1555753
1555752
1555751
1555750
1555740
1555739
1555735
1555734
1555733
1555732
1555731
1555730
1555729
1555728
1555727
1555709
1555574
1555573
1555569
1555546
1555545
1555544
1555542
1555541
1555540
1555539
1555248
1555247
1555245
1555244
1555138
1555137
1555136
1555135
1555134
1555131
1555130
1555129
1555125
1555124
1555123
1555122
1555120
1555119
1555117
1555116
1555115
1555113
1555112
1555110
1555109
1555108
1555107
1555106
1555069
1554906
1554792
1554785
1554784
1554783
1554768
1554767
1554766
1554765
1554762
1554752
1554751
1554750
1554749
1554748
1554747
1554746
1554745
1554744
1554742
1554741
1554152
1554151
1554054
1554053
1553293
1549710
1549709
1549708
1549707
1549705
1549698
1549697
1549682
1549681
1549679
1549678
1549677
1549676
1549675
1549674
1547683
1547674
1547667
1547664
1547655
1547650
1547649
1547642
1547641
1547640
1547639
1547637
1547636
1547634
1547633
1547632
1547381
1547378
1547377
1547376
1547374
1547370
1547369
1547368
1547367
1547361
1547360
1547359
1547358
1547357
1547356
1547355
1547354
1547353
1547352
1547351
1547350
1547349
1547348
1547347
1547346
1547345
1547344
1547343
1547342
1547341
1547340
1547339
1547338
1547337
1546876
1546299
1546298
1545906
1545863
1545862
1545842
1545082
1544013
1544012
1541951
1541949
1541948
1540075
1540074
1537457
1465107
1465106
1465104
1465103
1465101
1465092
1465090
1464907
1464875
1464874
1464873
1464872
1464871
1464870
1464869
1464868
1464864
1464863
1464862
1464842
1464841
1464840
1464838
1464836
1464833
1464830
1464829
1464703
1464665
1464664
1464255
1464254
1464253
1464238
1463890
1463888
1425788
1425787
1425507
1425503
1425501
1423949
1423825
1423436
1423433
1423432
1423017
1423015
1422996
1422993
1311019
1309595
1309593
1309589
1309587
1309585
1309583
1309579
1309575
1309569
1309567
1281183
1281016
1281010
1280958
1561601
1556211
1555246
1553850
1553849
1549706
1549688
1549680
1546109
1546074
1546073
1546072
1546071
1546065
1543017
1540470
1540466
1539297
1539296
1465112
1464922
1464867
1464259
1425112
1425111
1425110
1423725
1421961
1558354
1555371
1464834
1546905
1546066
1543571
1540471
1464260
1464248
1423482
1421400
1566604
1555543
1556020
1555572
1553350
1547306
1547302
1546906
1546077
1546076
1545865
1545864
1545854
1545852
1545843
1464832
1423434
1547303
1555370
1545855
1545853
1545845
1545840
1547308
1547301
1544008
1575196
1561357
1555575
1545889
1545888
1545851
1545844
1542015
1542014
1542013
1542012
1542008
1542007
1464831
1423431
1421581
1555702
1547304
1464837
1555843
1542009
1547305
1641591
1574929
1574928
1574927
1568489
1568471
1568470
1559885
1559884
1554375
1554198
1554094
1553811
1553810
1553809
1545870
1545861
1545860
1545676
1543362
1540469
1540468
1540467
1421964
1420427
1281185
1281080
1281004
1280996
1280944
1280874
1555114
1549683
1547687
1547307
1545859
1545858
1545857
1545856
1542006
1280998
1280994
1280984
1280976
1555846
1464697
1568492
1568491
1568490
1568488
1568485
1558632
1558374
1558373
1553773
1553772
1553771
1550942
1550941
1550931
1550761
1547403
1547402
1547401
1547400
1547398
1545887
1545885
1545874
1545873
1545872
1543515
1543514
1543512
1543385
1543028
1541950
1541056
1537161
1537160
1537111
1537110
1537109
1537108
1537107
1425323
1425322
1423363
1419572
1281008
1545871
1543513
1543511
1543510
1543128
1464839
1555782
1547665
1281082
1555863
1555981
1553597
1550948
1550947
1550944
1550943
1543386
1543381
1543380
1543379
1543378
1422111
1422108
1422107
1422106
1422105
1422104
1422103
1422102
1422101
1641557
1575191
1568487
1568486
1556085
1543384
1543383
1422110
1422109
1197437
770874
1222140
768389
1575187
1463891
771183
1117721
1465113
1575189
769027
1197563
770589
768136
768393
1553568
1197472
770804
1118211
1281056
1197467
1118171
770748
1197481
1117833
1197344
768120
771126
768092
1118280
769564
768229
1117858
928283
1197524
771083
1118215
1117831
770242
1118235
1117892
771988
1561314
1556027
1197454
1117894
1197381
769747
768058
768637
1197529
1117789
1550949
770663
1222154
771330
770240
1197400
768636
1641942
1641941
1641940
1641939
1641936
1579518
1579037
1579036
1579034
1579033
1579032
1579031
1579030
1579028
1579027
1579026
1579025
1579024
1579023
1579021
1579020
1579016
1579015
1579014
1579012
1579010
1579009
1579008
1579007
1579005
1579000
1578999
1578998
1578996
1578990
1578989
1578987
1578986
1578985
1578984
1578980
1578979
1578976
1578975
1578972
1578971
1578970
1578969
1578967
1578966
1578964
1578963
1578962
1578961
1578960
1578959
1578956
1578954
1578953
1578952
1578951
1578945
1578943
1578940
1578939
1578938
1578932
1578930
1578929
1578928
1578927
1578926
1578922
1578921
1578920
1578919
1578918
1578915
1578912
1578911
1578910
1578909
1578907
1578906
1578904
1578902
1578901
1578900
1578895
1578893
1578892
1578891
1578884
1578883
1578882
1578880
1578879
1578876
1578875
1578874
1578873
1578872
1578869
1578868
1578867
1578866
1578865
1578863
1578862
1578861
1578860
1578858
1578857
1578856
1578853
1578852
1578851
1578850
1578848
1578847
1578846
1578842
1578841
1578840
1578839
1578837
1578836
1578835
1578834
1578833
1578832
1578830
1578827
1578826
1578825
1578824
1578823
1578822
1578821
1578819
1578817
1578816
1578815
1578813
1578810
1578809
1578808
1578807
1578806
1578805
1578804
1578803
1578802
1578801
1578800
1578798
1578797
1578796
1578793
1578791
1578790
1578788
1578786
1578782
1578780
1578779
1578778
1578777
1578776
1578774
1578771
1578770
1578768
1578766
1578765
1578764
1578763
1578762
1578761
1578760
1578758
1578757
1578755
1578754
1578752
1578751
1578750
1578748
1578747
1578746
1578745
1578744
1578743
1578742
1578741
1578740
1578739
1578738
1578736
1578733
1578732
1578729
1578728
1578727
1578726
1578724
1578722
1578721
1578720
1578719
1578718
1578717
1578716
1578715
1578714
1578712
1578711
1578710
1578709
1578707
1578706
1578703
1578701
1578700
1578699
1578698
1578696
1578695
1578694
1578693
1578692
1578691
1578690
1578689
1578688
1578687
1578686
1578685
1578683
1578682
1578681
1578680
1578678
1578676
1578675
1578674
1578673
1578672
1578669
1578668
1578667
1578665
1578664
1578663
1578661
1578660
1578659
1578657
1578656
1578655
1578654
1578653
1578652
1578649
1578647
1578646
1578643
1578642
1578641
1578640
1578639
1578638
1578636
1578635
1578633
1578632
1578631
1578630
1578629
1578625
1578624
1578623
1578622
1578620
1578619
1578617
1578616
1578615
1578614
1578612
1578610
1578609
1578607
1578606
1578604
1578603
1578602
1578599
1578597
1578596
1578595
1578594
1578593
1578592
1578591
1578588
1578587
1578586
1578585
1578584
1578582
1578581
1578580
1578578
1578577
1578576
1578574
1578572
1578571
1578570
1578569
1578568
1578566
1578565
1578562
1578559
1578558
1578557
1578556
1578554
1578553
1578552
1578550
1578549
1578547
1578546
1578543
1578542
1578540
1578537
1578536
1578535
1578534
1578532
1578530
1578529
1578526
1578525
1578524
1578523
1578522
1578521
1578520
1578519
1578518
1578517
1578516
1578515
1578514
1578513
1578512
1578511
1578510
1578508
1578507
1578506
1578504
1578502
1578500
1578496
1578495
1578493
1578491
1578490
1578489
1578488
1578487
1578486
1578485
1578483
1578480
1578477
1578475
1578471
1578468
1578463
1578462
1578451
1578450
1578449
1578448
1578443
1578442
1578441
1578440
1578439
1578437
1578436
1578435
1578434
1578433
1578431
1578430
1578429
1578427
1578424
1578423
1578421
1578420
1578419
1578418
1578417
1578416
1578413
1578408
1578407
1578406
1578404
1578403
1578402
1578399
1578398
1578397
1578396
1578395
1578392
1578391
1578390
1578388
1578387
1578386
1578384
1578383
1578382
1578381
1578378
1578377
1578375
1578374
1578372
1578371
1578370
1578369
1578366
1578365
1578364
1578363
1578362
1578360
1578358
1578357
1578354
1578353
1578352
1578351
1578348
1578347
1578345
1578344
1578343
1578341
1578340
1578339
1578338
1578337
1578335
1578334
1578333
1578331
1578330
1578325
1578324
1578322
1578321
1578320
1578317
1578316
1578313
1578311
1578310
1578308
1578307
1578305
1578304
1578301
1578300
1578299
1578298
1578293
1578292
1578291
1578289
1578288
1578287
1578286
1578285
1578284
1578281
1578280
1578276
1578275
1578273
1578271
1578267
1578266
1578265
1578264
1578261
1578260
1578258
1578257
1578256
1578255
1578253
1578252
1578249
1578248
1578246
1578245
1578240
1578239
1578238
1578237
1578235
1578233
1578231
1578229
1578223
1578220
1578219
1578217
1578216
1578215
1578214
1578211
1578210
1578207
1578204
1578202
1578201
1578199
1578198
1578197
1578196
1578195
1578194
1578190
1578189
1578187
1578186
1578185
1578184
1578183
1578182
1578178
1578175
1578174
1578172
1578171
1578170
1578169
1578165
1578164
1578163
1578161
1578160
1578156
1578155
1578154
1578153
1578151
1578148
1578147
1578146
1578144
1578143
1578142
1578140
1578139
1578138
1578137
1578136
1578135
1578129
1578124
1578123
1578122
1578121
1578120
1578119
1578118
1578117
1578116
1578115
1578114
1578111
1578107
1578103
1578102
1578099
1578098
1578097
1578096
1578094
1578093
1578092
1578091
1578090
1578087
1578085
1578083
1578082
1578080
1578079
1578076
1578075
1578072
1578070
1578067
1578066
1578065
1578064
1578063
1578061
1578059
1578057
1578053
1578050
1578047
1578046
1578045
1578040
1578039
1578036
1578034
1578032
1578030
1578028
1578027
1578024
1578021
1578020
1578019
1578018
1578017
1578016
1578015
1578014
1578013
1578012
1578011
1578010
1578009
1578007
1578006
1578004
1578001
1577998
1577995
1577994
1577992
1577990
1577989
1577988
1577982
1577977
1577976
1577974
1577972
1577964
1577962
1577961
1577957
1577954
1577953
1577952
1577951
1577950
1577945
1577944
1577935
1577930
1577927
1577924
1577923
1577921
1577918
1577916
1577914
1577911
1577910
1577908
1577903
1577902
1577900
1577899
1577896
1577891
1577888
1577887
1577886
1577885
1577884
1577883
1577882
1577881
1577880
1577876
1577873
1577872
1577868
1577867
1577866
1577862
1577859
1577857
1577854
1577853
1577851
1577850
1577849
1577848
1577847
1577843
1577842
1577841
1577840
1577838
1577836
1577834
1577832
1577828
1577827
1577825
1577823
1577820
1577819
1577814
1577813
1577811
1577810
1577802
1577801
1577798
1577797
1577796
1577795
1577794
1577788
1577787
1577783
1577782
1577781
1577780
1577778
1577777
1577776
1577773
1577769
1577766
1577765
1577764
1577763
1577761
1577760
1577759
1577758
1577754
1577753
1577751
1577750
1577748
1577745
1577743
1577740
1577739
1577737
1577736
1577735
1577733
1577732
1577731
1577730
1577727
1577726
1577725
1577724
1577721
1577718
1577717
1577715
1577714
1577710
1577708
1577702
1577698
1577695
1577694
1641938
1641935
1579029
1579022
1579019
1579018
1579017
1579013
1579011
1578997
1578994
1578993
1578988
1578981
1578974
1578973
1578968
1578965
1578958
1578957
1578950
1578936
1578933
1578924
1578923
1578917
1578916
1578913
1578899
1578898
1578889
1578886
1578885
1578878
1578877
1578871
1578870
1578864
1578854
1578849
1578845
1578844
1578843
1578838
1578831
1578829
1578828
1578814
1578812
1578811
1578799
1578795
1578792
1578787
1578773
1578769
1578767
1578735
1578731
1578713
1578705
1578702
1578697
1578679
1578677
1578671
1578670
1578666
1578658
1578651
1578645
1578644
1578634
1578613
1578608
1578601
1578600
1578598
1578590
1578575
1578573
1578567
1578563
1578555
1578548
1578545
1578544
1578538
1578528
1578509
1578505
1578499
1578494
1578484
1578479
1578478
1578476
1578474
1578473
1578472
1578469
1578467
1578466
1578464
1578445
1578444
1578432
1578426
1578425
1578422
1578415
1578414
1578412
1578411
1578410
1578400
1578393
1578389
1578385
1578380
1578379
1578376
1578367
1578359
1578355
1578350
1578349
1578342
1578336
1578328
1578327
1578326
1578319
1578306
1578303
1578302
1578295
1578283
1578282
1578274
1578272
1578269
1578263
1578262
1578251
1578250
1578247
1578244
1578243
1578241
1578236
1578230
1578228
1578227
1578225
1578222
1578221
1578218
1578212
1578208
1578206
1578193
1578192
1578179
1578176
1578167
1578162
1578159
1578158
1578149
1578134
1578133
1578132
1578128
1578127
1578108
1578104
1578101
1578089
1578084
1578078
1578077
1578074
1578069
1578068
1578060
1578058
1578056
1578055
1578054
1578049
1578048
1578044
1578043
1578042
1578037
1578035
1578033
1578026
1578025
1578008
1577997
1577996
1577985
1577983
1577980
1577975
1577973
1577969
1577966
1577965
1577959
1577958
1577948
1577947
1577943
1577942
1577941
1577939
1577933
1577932
1577929
1577925
1577922
1577919
1577917
1577915
1577907
1577905
1577897
1577879
1577878
1577875
1577871
1577863
1577858
1577856
1577845
1577837
1577835
1577824
1577817
1577816
1577815
1577812
1577809
1577800
1577791
1577789
1577786
1577774
1577772
1577767
1577762
1577757
1577755
1577747
1577746
1577738
1577734
1577729
1577728
1577720
1577712
1577711
1577704
1577693
1579035
1579004
1579001
1578991
1578983
1578978
1578955
1578948
1578935
1578934
1578925
1578914
1578908
1578905
1578903
1578896
1578894
1578888
1578818
1578772
1578753
1578737
1578734
1578725
1578723
1578704
1578637
1578628
1578621
1578605
1578583
1578564
1578527
1578503
1578501
1578492
1578481
1578470
1578447
1578446
1578405
1578401
1578394
1578368
1578361
1578356
1578346
1578332
1578314
1578312
1578277
1578268
1578259
1578226
1578224
1578191
1578125
1578106
1578086
1578073
1578071
1578062
1578052
1578051
1578031
1578022
1578002
1577999
1577993
1577978
1577971
1577956
1577955
1577949
1577895
1577894
1577893
1577892
1577890
1577874
1577870
1577865
1577852
1577846
1577839
1577831
1577829
1577826
1577822
1577818
1577806
1577799
1577793
1577771
1577768
1577752
1577744
1577742
1577719
1577716
1577713
1577707
1577706
1577703
1577701
1577700
1577696
1641937
1579006
1578977
1578949
1578942
1578941
1578937
1578931
1578890
1578855
1578785
1578783
1578781
1578759
1578756
1578708
1578684
1578662
1578561
1578560
1578531
1578498
1578482
1578428
1578318
1578315
1578309
1578279
1578242
1578234
1578203
1578188
1578177
1578173
1578157
1578150
1578126
1578113
1578109
1578095
1578088
1578038
1577991
1577984
1577970
1577967
1577960
1577938
1577931
1577909
1577898
1577889
1577869
1577864
1577861
1577833
1577792
1577790
1577785
1577756
1577723
1577705
1545886
1579003
1578946
1578820
1578794
1578789
1578730
1578650
1578648
1578627
1578589
1578579
1578551
1578541
1578533
1578465
1578329
1578297
1578290
1578270
1578209
1578205
1578152
1578081
1578000
1577968
1577928
1577906
1577844
1577805
1577784
1577775
1577770
1577709
1578995
1578992
1578947
1578944
1578897
1578887
1578881
1578859
1578784
1578775
1578749
1578626
1578618
1578611
1578539
1578497
1578453
1578452
1578438
1578409
1578323
1578296
1578294
1578278
1578254
1578232
1578213
1578200
1578181
1578180
1578168
1578166
1578145
1578141
1578131
1578130
1578112
1578110
1578105
1578100
1578041
1578029
1578023
1578005
1578003
1577987
1577986
1577981
1577979
1577946
1577940
1577937
1577936
1577934
1577926
1577920
1577913
1577912
1577904
1577901
1577877
1577860
1577855
1577830
1577808
1577807
1577804
1577803
1577779
1577749
1577741
1577722
1577699
1577697
1577963
1197545
1117769
1578373
1579002
1577821
771326
1222130
770763
769515
1117996
770773
1222200
928288
1578982
769454
770231
1118348
770709
1553282
1553281
1544090
1542838
1541806
1540124
1540123
1540122
1540120
1549397
1540175
1540174
1540172
1540171
1540168
1540167
1540165
1540161
1540160
1540142
1540125
1537306
1424424
1424423
1424422
1420750
1553629
1543008
1543007
1540121
1576096
1576095
1557843
1553211
1551091
1551090
1551089
1551088
1551087
1551086
1551085
1551084
1551083
1551082
1551081
1551080
1551079
1551078
1551077
1549390
1540153
1540139
1540138
1540118
1424377
1424375
1419632
1547017
1547016
1549404
1540178
1540177
1540164
1540156
1540144
1540112
1302518
1576094
1566934
1540128
1540127
1561614
1560268
1560267
1560266
1560265
1560263
1560261
1560257
1560255
1560253
1560248
1560247
1560246
1560245
1560241
1560240
1560239
1560238
1560233
1560230
1560224
1560223
1560222
1560221
1560219
1560217
1560216
1560214
1560213
1560212
1560211
1560210
1560209
1560207
1560206
1560205
1560204
1560202
1560201
1560199
1560198
1560196
1560195
1560193
1560192
1560191
1560190
1560188
1560187
1560185
1560180
1560179
1560178
1560177
1560174
1560173
1560172
1560170
1560168
1560167
1560166
1560164
1560163
1560160
1560159
1560158
1560156
1560155
1560152
1560147
1560143
1560142
1560141
1560139
1560137
1560136
1560134
1560133
1560131
1560126
1560125
1560123
1560122
1560120
1560119
1560118
1560117
1560115
1560114
1560113
1560112
1560111
1560110
1560109
1560108
1560107
1560104
1560103
1560100
1560095
1560093
1560092
1560091
1560090
1560089
1560088
1560087
1555231
1555219
1555217
1555206
1555197
1555186
1555184
1555176
1555164
1555160
1555154
1555146
1555140
1540176
1540173
1540170
1540166
1540162
1540159
1540158
1540157
1540154
1540151
1540150
1540149
1540148
1540147
1540145
1540137
1540135
1540130
1540117
1464366
1464365
1464364
1464363
1464362
1464361
1464360
1464357
1464355
1464354
1464353
1464352
1464351
1464350
1464349
1464348
1464347
1464345
1464343
1464340
1464339
1464336
1464334
1464332
1464331
1464330
1464328
1464327
1464326
1464325
1464323
1464322
1464317
1464315
1464314
1464307
1464306
1464301
1464300
1464296
1464295
1464294
1464292
1464290
1464289
1464288
1464286
1464285
1464284
1464283
1464280
1464279
1464278
1464277
1464275
1464272
1464271
1464270
1464269
1464268
1464266
1310429
1559398
1558780
1558779
1558778
1556258
1549418
1549414
1549410
1549408
1549396
1549394
1549392
1549391
1549389
1549388
1549387
1424385
1424384
1424381
1540163
1540152
1540140
1540119
1641706
1549412
1464367
1464305
1464297
1424380
1424379
1424378
1573863
1573862
1553608
1553573
1553572
1553571
1553560
1553559
1550469
1549381
1544091
1541281
1541280
1540155
1540143
1540141
1536996
1536995
1464329
1464321
1464308
1464302
1425648
1425647
1425114
1425057
1424882
1424880
1424382
1424078
1422359
1421757
1421519
1421305
1421303
1420055
1549393
1464342
1464337
1464318
1464274
1540126
1549407
1464368
1464320
1464309
1464282
1562166
1562164
1553563
1553562
1550519
1550518
1544093
1540169
1540146
1540116
1537305
1464319
1421304
1550671
1550670
1550669
1550668
1550667
1550666
1550665
1464310
1464293
1540136
1464338
1558748
1558591
1558590
1558589
1556263
1556168
1556165
1556163
1553722
1553556
1550188
1541821
1541816
1541810
1541805
1538204
1537309
1537304
1419631
1558588
1556167
1556166
1556164
1554349
1553868
1550205
1542836
1541820
1541819
1541818
1541813
1541809
1541808
1541807
1541804
1537308
1537307
1424427
1419630
1464276
1576010
1553725
1553590
1548024
1547386
1547385
1547384
1541822
1541817
1541815
1541811
1538203
1421477
1281026
1640764
1576009
1553720
1553589
1550901
1550900
1550899
1547383
1547382
1543481
1541812
1538764
1538403
1538398
1538396
1538395
1538394
1538393
1538392
1464316
1424325
1424324
1420096
1420095
1420093
1540134
1540133
1540132
1464341
1547282
1541814
1538400
1538399
1538205
1464335
1420097
1458583
1542930
1541803
1541456
1538702
1538701
1540131
1541455
1541454
1540113
1540108
1540107
1464356
1546879
1541802
1549415
1540109
1543482
1464359
1464312
1549748
1549395
1464298
1464304
1550996
1550995
1550994
1550993
1550992
1424011
1424010
1424008
1424007
1424006
1543634
1424009
1464299
1544766
1549481
1539523
1549480
1550532
1118372
771496
1458601
1316763
1305757
1305755
1280968
1280966
1280964
1280962
1197521
1280960
768876
1197520
1118369
1117832
1118367
769524
771487
771441
