dbSNP ID387906839
1801253
281864746
147674680
172151858
200038418
387907216
172149856
387906820
387906813
387906819
387906818
387906817
1801252
104893965
2227885
137854608
137854607
397514447
121908991
9289231
267607100
267607101
267607142
201907325
387906937
199473118|1805124
397516908
398122402
104894963
397514448
121918353
387906498
2230806
61767072
104893904
1799983
28936670
137852768
121917776
121917776
151010429
60682848
61295588
61195471
397514045
59301204
56851164
267607554
397517915
56816490
397517911
267607593
397517909
58978449
397517908
397517907
267607573
60682848
267607572
61195471
397517904
267607594
28933093
58917027
397517902
267607646
61046466
56984562
397517895
58013325
11575937
397517893
57508089
397517889
397517888
397517887
397517886
397517830
397517787
397517758
397517750
397517749
397517741
397517735
397517721
397517698
397517696
397517695
397517689
397517679
397517664
72646846
397517643
397517633
397517631
72646831
397517628
397517626
397517624
397517620
397517601
397517589
397517587
397517586
397517584
397517580
397517576
397517565
397517547
397517497
397517408
397517406
397514042
397517395
397517393
397517389
63750743
397517283
121908987
121908991
397517264
28938173
397517245
397517244
397517239
397517234
397517065
397517030
397517025
111517471
121434420
397517022
397517021
397517017
144601090
397517015
397517013
397517012
397517010
397517009
397517008
397517005
397517003
397517001
397516997
397516996
397516994
397516993
397516992
397516990
372827156
397516989
397516987
397516986
397516973
397516956
397516955
397516946
397516945
397516943
397516940
397516933
397516932
397516929
397516927
397516923
397516919
397516915
397516913
387906875
104894655
397516784
397516712
397516709
397516706
121913010
397514038
397516703
121913006
121913008
62636495
397516686
202024436
267607003
267607004
267607002
121908334
397516487
397516486
111377893
45578238
397516471
397516470
397516469
397516466
45525839
397516464
397516464
397516463
397516461
397516459
397516457
397516457
121964856
397516456
397516455
397516454
121964855
397516450
397516408
397516407
397516406
143139258
397516399
397516398
199474809
397516390
397516387
199476317
199476311
397516373
397516372
397516371
397516370
397516369
199476310
397516364
397516363
397516359
397516357
397516356
397516355
397516354
397516354
397516353
397516352
397516351
397516349
104894724
104894724
121917760
397516347
397516344
397516341
397516340
199474703
397516276
397516275
397516272
397516269
121913633
3218713
397516267
397516264
397516258
397516254
397516253
397516252
397516249
45520836
397516248
397516247
397516247
397516246
397516245
397516241
367543052
397516238
397516237
397516234
45511396
397516233
397516232
397516227
397516220
397516218
397516212
397516211
397516208
397516202
397516196
397516187
397516186
397516184
397516183
397516178
397516177
397516172
397516171
121913628
121913631
397516166
267606908
397516165
397516161
397516159
36211715
397516154
397516153
397516152
3218716
397516142
397516141
397516140
121913632
121913632
397516135
121913630
121913630
121913641
121913637
121913638
397516134
397516132
397516130
397516128
371898076
397516127
121913627
397516123
397516122
397516121
121913626
121913626
397516120
377491278
397516116
397516114
397516113
397516110
267606911
397516106
397516103
397516101
121913625
397516098
397516097
121913624
3218714
397516094
397516089
397516083
397516082
201078659
397516080
375774648
397516077
397516076
397516074
397516073
397516072
397516070
397516068
397516067
397516061
397516059
397516058
397516057
397516056
397516052
397516049
397516047
397516045
397516044
397516042
397516041
397516038
397516037
397516035
397516032
397516031
397516030
397516029
397516028
397516024
397516023
397516022
397516020
397516019
373746463
373746463
387906397
397516014
397516013
121909377
397516010
397516008
397516007
397516006
113358486
397516005
397516001
397515997
397515995
397515992
397515991
397515991
397515990
397515987
387907267
397515982
397515979
376395543
397515977
397515975
397515974
397515973
397515972
397515970
397515966
397515965
397515963
397515960
111729952
112738974
112738974
397515954
397515952
397515948
397515947
397515944
397515943
397515942
397515937
397515935
397515934
397515933
397515931
397515930
397515926
397515925
397515920
121909374
397515916
397515910
397515907
375882485
397515905
397515903
397515902
397515897
397515896
397515895
397515894
397515893
397515891
397515889
397515888
397515750
387907218
397515747
397515738
199474724
28928901
45563942
56413529
56314318
140766884
397515630
139158921
35969221
35645287
35998138
35761089
113449357
113745859
11748588
193922392
193922727
193922726
41311123
41258454
41312419
72549416
41315858
193922627
193922626
11331089
147479514
17686573
78281932
790897
112864477
141528541
138073811
193922697
79474211
193922696
185681814
193922673
193922713
41293106
193922712
34396614
6060980
55807353
76530988
34598192
193922389
45490796
78107039
193922654
28730764
28730765
193922653
150081280
193922652
150415679
193922381
193922724
80356813
386134243
34423165
45529531
45592139
45618633
142625982
45459491
45555240
41277795
193922689
141918432
146967918
142721902
148515772
117571555
76713874
111817603
145362059
193922671
193922670
28763962
148417566
193922668
77445784
121913012
2230234
34065672
34417028
2230235
111347888
193922708
151024019
144242114
2017800
1318299
75882680
193922667
147250678
193922099
193922695
193922694
193922693
193922636
193922635
34975493
193922634
148433308
193922684
58386780
4148680
150303433
35404804
61926078
139408145
193922683
144537241
35857705
72559432
146245480
387907079
387907025
387907024
56984562
397514042
200056085
397514041
121912999
121912997
121912992
397514039
121913013
397514038
121913011
121913010
121913009
121913008
121913007
121913006
60458016
60890628
60864230
28933093
61672878
56771886
56771886
80338938
28933092
28933091
60934003
57520892
28933090
28928900
58932704
61046466
121913625
267606910
267606908
267606911
121913654
121913652
36211715
121913651
121913650
121913646
121913645
121913644
121913643
121913642
121913641
121913639
121913638
121913637
121913636
3218714
121913624
121913634
121913633
121913632
121913631
121913630
121913640
121913629
121913628
121913627
121913626
121913625
3218713
121913624
113994176
121918602
121918601
387906514
267607129
267607130
121964855
128627255
137854607
397514450
111517471
121434421
121434420
121908108
121908107
63750743
193922410
193922620
45490292
193922409
193922707
193922706
193922672
193922391
193922452
2233261
192057022
142220381
193922453
115522476
193922390
193922388
193922387
149576470
193922386
11570052
193922385
193922383
193922382
193922379
193922378
181834806
11264444
193922649
193922648
193922669
28763968
80325569
61731921
193922681
386134228
207460003
121434475
3134560
121434464
199476315
45620037
41313301
140126678
199476398
121912998
121913002
121913012
17028450
147879266
267607158
139517732
267607157
28933405
121909304
121908339
121908336
119463994
119463993
36204272
148197254
141764279
121912998
45546039
28935490
193922380
111033559
267607155
63750197
45514002
17604693
17133512
45546039
45577134
138251566
267607578
111033560
121913658
104893749
111033560
199469665
199469666
267607128
267607127
104894727
104894725
121964856
187830361
104893750
2071225
104894728
77615401
121964858
121964855
104894370
104893748
137854618
193922674
104894369
11549668
104894501
104894505
104894724
121964857
267606979
267606978
267606977
267606976
28938173
121908988
36211723
193922377
104894363
11570112
3766871
121908989
104894368
202115331
397514744
201654872
373056282
387907365
372615994
150516929
141638421
387907188
387907099
142951029
140740776
387906898
387906897
104893823
121917761
121917760
71579353
121912560
121908338
121908337
45487699
207460004
267606881
121434470
121434466
118192100
118203894
193922639
121913013
58922911
104894369
104894724
104894730
104894729
104894728
121908987
121434467
121434465
199474663
199474660
34967813
534807
199476408
140148105
140148105
71534280
71584501
397514616
397514507
397514506
387906876
387906875
387906874
121912674
121912673
121434525
121917809
267606905
143978652
267606906
267606904
267606907
104894504
104894502
267607124
267607126
267607125
137852765
137852764
104894205
397514444
121909298
193922674
121434298
137853198
137853197
267607005
267607004
267607002
267607001
267607003
3134560
267607123
281865416
104894204
45550635
121909280
193922384
146102241
28928903
387906422
41276525
74315380
371401403
267606628
267606629
121912676
121912675
387906397
121909375
121909374
121909378
373746463
397514752
71534278
71534278
387907267
2856655
121909377
199865688
193922680
76992529
200625851
28936670
267606617
104894503
104894503
193922680
199473468
199473092
199473091
199473089
199473564
199473551
199473088
199473087
199473086
199473085
199473563
36210420
199473084
61746118
199473082
199473562
199473079
199473078
199473077
199473075
199473073
199473074
199473561
199473071
199473560
199473070
199473559
199473640
199473338
145009013
199473335
199473333
199473639
199473332
199473638
199473330
199473329
199473328
199473327
199473325
199473325
199473069
199473068
199473324
199473323
199473636
199473067
199473322
192113333
199473321
45563942
199473635
199473319
137854619
199473066
199473318
199473315
199473065
199473313
199473633
199473312
199473064
199473308
199473307
199473063
199473630
199473306
199473303
193922726
199473302
199473301
199473300
199473298
199473297
199473296
199473627
199473295
199473626
199473042
199473292
199473291
199473291
199473290
199473624
199473285
199473623
199473284
199473281
199473622
199473062
199473280
199473279
137854607
199473277
199473276
199473621
45514691
199473274
199473273
199473619
199473272
199473271
199473270
199473269
199473617
199473642
199473268
199473342
199473267
199473263
199473264
199473262
199473261
199473616
199473259
199473258
199473256
199473255
199473254
199473614
199473061
199473252
199473613
199473251
199473250
199473249
199473247
199473612
199473244
199473243
199473611
199473242
199473241
199473610
199473609
199473239
199473239
199473060
199473238
199473236
199473235
199473234
199473233
199473232
199473607
199473231
199473230
199473606
199473229
199473228
199473227
199473226
199473550
199473224
199473223
199473222
199473221
199473219
199473218
199473217
199473216
199473602
199473341
199473215
199473601
199473214
199473600
199473213
199473599
199473212
199473211
199473210
199473208
199473209
199473206
199473598
199473205
199473597
199473058
199473203
199473202
199473596
199473201
199473595
41310765
199473200
199473594
199473057
199473199
199473198
199473197
199473555
199473196
199473194
199473192
199473191
199473190
199473189
199473188
199473188
199473593
199473554
199473186
199473055
199473055
199473641
199473592
199473185
199473184
199473183
137854609
41313667
199473182
199473591
61737825
199473181
199473590
199473053
199473179
199473052
199473178
199473177
199473176
199473588
199473175
199473174
199473043
199473173
199473172
199473171
199473170
199473169
199473587
199473167
199473340
199473586
199473166
199473585
199473051
199473163
45475899
199473162
199473584
199473159
199473583
199473158
199473156
199473155
199473154
199473152
199473582
137854611
199473151
199473150
199473149
199473581
199473148
199473050
199473146
199473580
199473144
199473141
199473140
199473139
41313681
199473579
199473138
185638763
199473137
199473136
199473578
199473135
199473134
199473577
199473132
199473131
199473130
199473129
199473127
36210423
184442491
199473126
199473576
199473125
199473575
199473123
3918389
199473122
199473121
199473049
199473120
45627438
199473553
199473118
199473117
144511230
199473048
199473116
199473115
199473114
199473571
199473113
199473339
199473112
199473570
199473111
199473569
199473110
199473109
199473108
199473108
199473107
199473105
199473103
199473104
199473567
199473102
199473100
199473566
28937318
199473565
199473096
199473095
199473095
199473046
191009474
199473094
199473093
148968498
199473363
142153692
74424227
199473366
199473365
16991656
199473364
199473364
16991654
199473649
199473345
199473344
34591340
36210416
36210415
45454496
121912706
72556370
199473643
148654834
121912705
35530544
199473347
66785829
143228029
45570339
199473346
180843436
199473389
199473658
199473387
199473387
104894582
104894579
199473385
199473656
104894583
199473655
199473381
104894581
104894584
199473380
199473379
199473379
199473654
199473377
199473375
199473653
199473371
199473370
199473369
199473390
199473659
199472887
199472886
199472834
199473504
199472884
199472883
199472832
199472882
199473549
199472881
199472831
199472880
199472879
199472878
199472877
199472828
199473503
199472876
199472874
199472873
199472872
199472871
199473501
199472870
199472826
199472869
199473486
199472866
199472825
199472865
199472864
199472863
199473499
143167166
199473548
199473035
150988911
199473034
199473033
199473032
199473546
199473031
199473041
199473030
199473498
199473029
199472859
199473028
199473497
199472858
41307270
199473026
199473025
199473024
199473544
199473023
199473021
199473020
199472857
199472857
199473542
199473019
121912515
121912515
199473541
149955375
76649554
141117135
199473015
199473014
199473013
199473496
199473012
199473011
121912514
121912514
199472852
199473540
199473009
199473009
199473439
199473670
199473438
199473435
199473669
199473434
199473668
199473433
199473040
140743924
199473008
121912513
199473007
199472851
199473539
199472850
199473006
199473005
199473005
199473003
199473002
199473537
199472849
199473000
199472999
199473493
199473536
199472998
199473037
138498207
199472996
199472996
199472994
199472993
199473534
121912512
199473422
199473666
199472988
199473533
199473421
199473421
199473532
199473420
199472985
199472985
199473418
199473531
199473665
199472982
199473417
199473036
199472978
199472978
199472977
199472976
199472975
199472973
199472974
199472972
199472969
199472967
199472968
199472964
199472963
199472962
199472961
199473527
199472959
41307295
199472957
199472955
199472955
199473039
199472954
199472954
199472952
199472952
199472952
199473525
199472949
199473664
199472947
199472947
199472946
199472945
199472945
199472942
199472941
199472941
199473523
199472938
199472939
199472937
199472935
199472934
199472933
199472933
199473521
28928904
28928904
199472930
199472929
104894021
199473429
199473428
199473428
199473492
199473427
199473426
199472847
199472847
199473425
199473413
199473424
199473667
199472928
199472927
199473519
199472846
199472925
199472925
199473038
199473518
199472924
199473517
199472923
199472922
199472921
199472919
199472843
199472917
199473515
199472915
199473491
199472914
199472842
199472913
199473514
199472841
199473513
199472911
199472911
199472840
28928905
199472909
199472908
199472905
199473512
199473511
199472903
199472839
9770044
199472838
199473489
199473509
199472900
199473508
199472897
199472896
199473488
731506
199472892
199472835
199472889
199472888
199473349
142511345
144917638
199473361
199473360
199473359
199473358
199473357
199473356
28933384
199473646
149338401
199473393
79654911
199473645
141813529
147187721
199473644
199473355
17173509
199473353
199473352
199473351
199472755
199472753
199472750
199472751
199472749
104894255
104894255
74462309
120074184
199473469
199472744
199472743
199473467
199472740
193922365
199472739
199473465
199473464
199472735
199472734
199473463
199472733
199472730
199473461
199472725
199472722
199472720
199472718
199472717
120074179
199472715
199472714
120074196
199472713
199472712
199472711
199472708
199472707
199472706
36210419
199472705
199472823
199473442
199472701
199472700
138362632
150172393
199472699
199473454
199472698
199472698
199473662
104894252
199473399
199473661
199473396
199473395
199472697
199472695
199472693
199472692
199472691
199472690
143709408
199473452
199472689
199472688
199473444
199473450
199472686
199472685
199472684
199472682
199472680
199472679
199473447
199473485
199473441
199473446
199473484
199472822
147445322
199472818
199472817
199472816
199472812
199472811
199472810
199472809
199473445
199472808
199472806
199472803
199472802
120074185
199473481
199472799
199472798
199472797
199472796
199472794
199472792
199472789
199472787
145974930
145974930
17215500
199472786
199472785
199473477
199472784
145229963
140452381
199472782
12720449
199472780
199472778
199472777
199472775
199472774
199472773
199472772
199473473
199472770
199472769
199472768
199472768
199473472
199473412
199473663
199473410
199473409
199473407
199473407
199473405
199473404
199472824
199472764
199472761
12720459
199472759
199472758
137854608
199473083
199473081
199473080
199473045
199473076
45471994
199473338
199473337
41311117
199473334
41315493
199473326
150264233
45465995
199473558
199473320
137854610
41311087
199473632
199473309
199473305
199473304
199473299
199473628
199473297
199473289
199473288
199473283
199473282
199473282
199473278
137854607
199473275
199473620
199473618
199473265
199473260
199473615
199473257
199473256
199473253
199473248
199473246
199473245
199473608
199473237
199473557
199473605
199473604
199473224
199473220
137854616
45589741
199473059
199473193
199473056
137854609
199473181
199473054
199473589
199473165
199473164
199473161
199473160
199473157
137854611
199473147
199473143
199473142
199473136
199473124
199473574
41313691
199473119
137854606
199473572
199473568
199473106
199473101
199473098
199473552
74315449
199473367
199473648
141423405
199473343
199473388
199473386
199473657
199473383
199473377
199473374
147750704
199473373
199473372
104894585
104894585
104894575
199473651
199473368
199473650
199472833
199472884
199472829
199472875
199473502
199472873
199473500
199472868
150817714
199472867
41308954
199472862
199473547
199472860
199473545
151031345
199473027
41313752
199473543
199472855
199472854
199473017
199473016
141401803
199473010
199473437
77331749
199473436
199473432
199473494
199473006
199473004
199473001
199473535
199472997
199472992
199472991
199472989
199472987
199472986
199472984
199472983
199472981
199472980
199472979
199472978
199473530
199472972
199473414
199472971
199473415
199473528
199472966
199472965
199472960
199472958
199472957
199472953
199472951
199472943
199472940
199472936
199472933
199472932
199472931
199473430
199473423
199473423
9333649
199472928
199473520
199472920
199472844
199473516
199472912
199472910
199472907
199472906
199473490
199473510
199472902
199472836
199472899
199472897
199472837
199472898
199473507
199472893
199473506
199472891
199472890
199473350
199473647
77442996
199473359
199473348
199473354
199472753
199472752
199472748
120074184
199472747
199472745
199472743
120074181
199472741
199473466
34320941
199472738
199473462
199472731
199472729
199472728
199472727
199472726
199472724
199472723
199472722
199472718
120074179
199472716
199472715
199473459
199473458
199472709
199472704
199473401
120074178
199473400
199473398
120074177
199472694
179489
199472687
199472683
199472681
199473443
199472820
199472819
147445322
34516117
199472815
199473482
199472805
199472804
199472801
199472793
199472791
199472788
199473478
199472783
199473476
199473475
199472779
199473474
199472771
199472767
199472766
199473408
199473402
199472824
199472763
199472757
199473090
45546039
199473070
199473336
199473331
199473637
79299226
137854615
199473044
199473310
199473629
137854604
199473294
199473293
199473625
199473287
199473286
137854600
199473240
185492581
199473556
199473195
7626962
199473187
137854617
199473180
45609733
199473133
199473128
199473573
199473047
199473099
72544141
104894579
104894579
199473382
199473376
199473652
199472885
199472833
139544114
199472862
199472861
199473022
199472856
199473018
199472853
199473440
199473495
121912513
199472995
199473422
199473421
199472970
199473529
199472950
199472926
121912516
199472911
121912505
199472904
199472901
199472895
199472894
199473362
74315446
199472755
199473470
199472751
199472746
120074195
199472737
199472736
199472732
75813654
151344631
199473455
199472703
199472702
104894252
199473398
199473394
199473453
199473451
199473449
199473448
199472677
199472676
34150427
199472821
199473483
17221854
199472807
120074188
199473479
199472781
28730756
199472776
12720458
199473406
199473403
120074183
199473471
199472761
199472762
199472760
199472759
199473072
137854603
137854614
199473634
199473314
199473311
199473631
199473283
199473266
41313031
28937319
41311127
199473207
199473204
41311135
199473168
199473153
28937318
199473097
74315447
199473384
199473378
199472827
143512106
41314354
199472851
12720441
199473416
121912511
199472956
199472948
199472942
199472941
28928904
199473431
199472926
199472922
199472845
199472842
199472912
17857111
199472749
199472748
199472742
120074186
120074187
199472726
199472721
199472712
17215479
199472702
199473397
120074177
199472697
120074191
199472805
199472804
199472800
199473671
199473410
199472763
104894503
45620037
199473316
137854612
199473225
28937317
1805125
45553235
199473145
45488304
41313697
72549410
6791924
16991652
74315448
104894580
76420733
199473538
199472999
199472990
199473526
199472957
104894021
28928905
199472754
120074181
199472720
199472710
120074192
199472813
120074185
199472795
199472790
199472765
45489199
41311117
199473317
137854601
28937316
137854600
199473062
137854602
199473603
137854618
41261344
12720452
36210423
1805124
2234916
104894578
199473487
199473505
199472830
36210422
1805123
121912506
121912510
199472848
199473419
199472974
199472961
121912507
199472944
199473524
199473522
199472936
199473428
121912508
9333649
9333649
121912504
199472921
199472918
199472916
138776684
1805128
74315445
1805127
199472756
74462309
74462309
120074184
120074182
199472730
120074180
120074194
120074193
199473460
199472719
120074179
120074196
199472713
199473457
199473456
120074178
199472696
179489
199472678
199472815
199472814
120074190
120074189
199473480
12720449
12720457
199473411
12720459
12720459
193922365
36210421
41276525
1800172
41315493
1801278
1801278
28933692
1051931
72664233
1064651
1064651
1064651
1064651
137854464
121908313
121908312
80356763
78973108
121908309
78198234
121908308
121908306
121908305
121908310
77369218
137852827
3732379|3732378
3732379|3732378
3732379|3732378
1064651
397515515
1064651
80356759
80356760
78973108
381737
1064644
364897
80356763
79653797
80356773
80356772
80356771
421016
77369218
80356769
80356768
76763715
137854460
80356768
381737
381737
80356769
854560
854560
137854469
1064651|367968666
1064651|367968666
397518434
364897
80356759
121908295
121908311
76539814
80356771
80356771
397516493
397515867
397515866
397515865
397515864
397515863
397515861
397515859
111856492
141133182
397515854
397515853
397515852
397515851
397515848
397515847
397515846
397515845
137854457
397515840
113001196
397515837
397515836
397515835
397515834
111687884
397515833
397515831
397515830
397515829
397515828
193922219
363807
397515827
397515826
397515825
113086760
397515823
111929350
397515821
113249837
363853
397515820
397515819
397515818
397515817
397515816
113905529
397515814
267606798
111231312
397515812
397515811
397515810
397515808
397515805
397515807
397515805
201273753
397515804
397515803
397515802
397515801
397515799
397515798
191989961
397515797
397515796
397515794
397515792
397515791
397515790
397515789
397515788
397515786
397515785
111801777
397515784
397515782
112202622
397515781
397515779
397515778
397515776
397515775
397515774
397515773
25404
397515771
397515770
397515769
397515768
397515767
397515766
397515765
199625633
145942328
25403
397515762
397515759
397515758
113812345
397515757
397515756
397515755
397515754
397515753
149062442
193922230
193922229
193922222
193922214
193922207
193922206
386134233
112202622
193922192
149403312
193922184
112289537
121908314
121908312
121908311
74598136
121908307
121908304
78396650
121908303
121908302
80356773
121908301
121908300
121908299
397518433
121908298
121908297
74500255
77829017
79653797
193922246
193922245
193922244
146120912
193922243
193922242
193922241
193922240
193922238
193922237
193922236
147195031
193922235
193922234
193922233
193922232
193922231
140537304
148831709
193922227
193922226
193922225
193922223
193922221
113577372
193922220
193922218
193922217
193922216
193922215
193922213
193922212
193922210
193922209
193922208
193922203
140637
193922200
193922199
193922197
193922196
148076256
193922195
193922194
193922193
112660651
193922191
193922190
193922189
193921256
193922188
193922187
193922186
140603
193922185
193922183
193922182
193922181
193922180
193922179
193922178
386134234
398122934
398122833
398122832
398122831
137854483
137854482
137854479
137854476
137854474
137854463
137854461
137854471
137854470
137854459
137854458
267606796
1141814
80356768
381737
80356769
140593
363847
148147223
193922198
397509399
397509398
387906791
387906776
387906775
375086983
146017816
368489876
121434538
121909614
137854499
121908570
121908569
364897
80356759
387906315
5742905
5742905
193922219
193922211
61730054
386134233
267606797
363835
111844882
113115949
112366266
80356771
112989722
12324002
111671429
193922204
193921256
397516685
387906592
387906770
104894073
405509
405509
387906415
121908311
76539814
79653797
137852826
111671429
4340
4340
4340
4340
4340
4340
4340
193922205
112287730
147138516|2230288
112084407
1051730
397514590
397514589
398122914
115099192
398122889
387907305
387907303
387906859
387906769
1051730
63749796
28939702
63750459
63750427
77576840
267606802
137852825
387907305
387907306
387907306
387907304
398122819
149364097
5882
76863441
63749823
63749856
63751325
72653744
387906352
63750759
60791294
28931602
137852828
140603
397515325
72650700
387906782
34474104
267606902
267606901
387906532
387906353
72547524
63750273
2238472
74853476
199476141
112901682
67561842
387906781
121434528
121434527
121434526
142546324|397514037
137852768
28939701
121918341
267606724
121434343
121434342
121434341
121434340
121434339
121434338
113871094
421016|368060|1135675
421016|368060|1135675
421016|368060|1135675
193922228
16139
387906271
121434344
267606760|267606761
193922224
137854466
80338912
72664209
28939712
121912594
121912594
421016|368060|1135675
137853022
111033171
76763715
421016
421016
193922239
104893755
72653706
137854480
421016
137852768
61746008
111401431
4244285
137854462
137854468
137854467
671
671
671
671
671
104894580
140598
28935490
1061170
1801133
1061170
5742904
137854480
199474657
199474657
199474657
199474657
199474657
199474657
199474657
199474657
